0000000001011001
0000000010000111
0000000010010111
0000000001101011
0000000001100110
0000000001001100
0000000010010110
0000000000110111
0000000001110001
0000000001101100
0000000001010110
1111111111110111
0000000001000000
1111111111110011
1111111110001110
0000000000000010
0000000000100000
1111111111100011
1111111111010100
1111111111010110
0000000000111100
0000000001111001
0000000001000101
0000000000110001
0000000001111111
0000000001100101
0000000010011010
0000000011001110
0000000010110111
0000000011001111
0000000100010000
0000000011001000
0000000011001001
0000000011101100
0000000100010100
0000000011010100
0000000010100010
0000000010011100
0000000010111101
0000000010001010
0000000010001100
0000000000111001
0000000000001001
0000000000101001
1111111111001001
0000000000000100
1111111110100111
1111111111001110
1111111110010110
1111111110111110
1111111110000111
1111111101000010
1111111100111100
1111111101111110
1111111110011010
1111111110100111
1111111110010000
1111111111001110
1111111111011111
1111111110001001
1111111111101100
1111111111100000
0000000000011100
1111111111001010
0000000000110110
0000000000000010
0000000001101100
1111111111110100
0000000000000001
1111111111010111
1111111110100110
1111111111001010
1111111110110011
1111111111101001
1111111101101101
1111111101010110
1111111100111001
1111111100111010
1111111100101101
1111111100010111
1111111100111101
1111111101010101
1111111011110001
1111111011110100
1111111100011000
1111111101101001
1111111100110001
1111111101110100
1111111110001101
1111111101111110
1111111110010011
1111111111101010
0000000000001001
1111111111001101
1111111111111000
0000000000101111
0000000001011010
0000000001111000
0000000010110110
0000000010110011
