00000000000000000000000000000000
00000000000000000000010110010000
00000000000000000000111000000000
00000000000000000001011101110000
00000000000000000001111000100000
00000000000000000010010010000000
00000000000000000010100101000000
00000000000000000011001010100000
00000000000000000011011000010000
00000000000000000011011110010000
00000000000000000011010111100000
00000000000000000011000111010000
00000000000000000010101010010000
00000000000000000010100000110000
00000000000000000010001010100000
00000000000000000001001000100000
00000000000000000000111011010000
00000000000000000000100111000000
00000000000000000000000100110000
11111111111111111111100100010000
11111111111111111111011100000000
11111111111111111111011011000000
11111111111111111111111100100000
00000000000000000000101010010000
00000000000000000000110110000000
00000000000000000001001101110000
00000000000000000001101110010000
00000000000000000010011111110000
00000000000000000011011101110000
00000000000000000011111100100000
00000000000000000100010010000000
00000000000000000101000100110000
00000000000000000101101010100000
00000000000000000101111101000000
00000000000000000110011110110000
00000000000000000110111101010000
00000000000000000110111110110000
00000000000000000110111001100000
00000000000000000110101100110000
00000000000000000110011000000000
00000000000000000110001000100000
00000000000000000101111001010000
00000000000000000101001100100000
00000000000000000100001001110000
00000000000000000011011111000000
00000000000000000010101000110000
00000000000000000010000010110000
00000000000000000000111101010000
00000000000000000000001110010000
11111111111111111111010000110000
11111111111111111110110010000000
11111111111111111110010001100000
11111111111111111101010111110000
11111111111111111100110100100000
11111111111111111100010011000000
11111111111111111100001111110000
11111111111111111100000110000000
11111111111111111100000100100000
11111111111111111100001000100000
11111111111111111100011110100000
11111111111111111100110000010000
11111111111111111101011100010000
11111111111111111101110100110000
11111111111111111110010101010000
11111111111111111110011110000000
11111111111111111111000111100000
11111111111111111111010100100000
11111111111111111111110111110000
00000000000000000000010010100000
00000000000000000000010111110000
00000000000000000000010101100000
11111111111111111111111000000000
11111111111111111111111000000000
11111111111111111111010111010000
11111111111111111111010001000000
11111111111111111110010001010000
11111111111111111101101001110000
11111111111111111100110111110000
11111111111111111100010000100000
11111111111111111011110010010000
11111111111111111011000101100000
11111111111111111010101000000000
11111111111111111010000011000000
11111111111111111001100100000000
11111111111111111001001011100000
11111111111111111001000011010000
11111111111111111001001111000000
11111111111111111001010000000000
11111111111111111001100111010000
11111111111111111001111011010000
11111111111111111010000101100000
11111111111111111010101110000000
11111111111111111011101011100000
11111111111111111100100111110000
11111111111111111101000000110000
11111111111111111101110010100000
11111111111111111110100001010000
11111111111111111111010100100000
00000000000000000000010011000000
